1	4441	1137011
1	1276185	1989062
1	11911525	12807019
1	24765030	25307269
1	26003635	28088975
1	29475974	31034745
1	36509925	42540788
1	42902765	43498655
1	47894346	48504124
1	50431677	51403660
1	53428682	56434083
1	56863180	57502296
1	60028810	61220797
1	61377024	61835167
1	61835201	62269633
1	62269847	63673273
1	64752191	65872027
1	65872104	67443239
1	68519705	69733018
1	70397756	71357055
1	71357271	72414305
1	73602878	74555780
1	74947384	75207246
1	76031432	78425560
1	82661731	83363580
1	86666955	88065884
1	95145923	96938289
1	99010354	99664864
1	103432356	104140229
1	107579284	108030126
1	116190577	120135083
1	120135128	121119850
1	121261309	123625511
1	137033713	137870911
1	143972912	144366935
1	147118850	150022575
1	172126780	172488142
1	173143142	173615808
1	178795232	184380140
1	194567245	196479379
1	201665671	201859943
1	203062816	204076710
1	212097111	212722258
1	222925094	223511808
1	223511809	224853523
1	225334698	226383588
1	240346864	241145187
1	253395805	254147228
1	258091970	259246514
1	278208456	278763098
2	1890	3071388
2	3971908	5566945
2	7323856	7812550
2	20888167	21680540
2	27656097	28022091
2	28727345	29205675
2	30394949	30711907
2	49269966	49732072
2	52572272	52991156
2	86765689	87113187
2	88458490	89106847
2	90327496	90955723
2	92063503	92484302
2	114415652	115585522
2	121923607	122404488
2	127615779	128229475
2	128639545	129793508
2	132131942	132788311
2	132788312	133401067
2	137138818	137659407
2	146906424	147146988
2	154608256	155758784
2	155913015	157431411
2	158575462	164373908
2	165192260	165729986
2	189902314	192557745
2	193969479	195885975
2	196257290	198359076
2	200736928	201115269
2	201561851	202028048
2	208743239	209049686
2	209049693	209269182
2	216284762	216779619
2	222753026	223372731
2	233725893	234846655
3	61	1920286
3	2981134	3943339
3	4315896	5072314
3	5326700	6309754
3	16365561	16606845
3	16606846	17179104
3	17648558	18812467
3	19023476	19123665
3	19928222	20973967
3	21250515	22320540
3	30511153	31169403
3	52001070	52504386
3	64805245	65218626
3	74934759	75702422
3	76036647	76536713
3	77760791	78020726
3	78020803	78727942
3	95848448	97503848
3	103032529	104623288
3	114269365	114934199
3	133303722	134663163
3	143379468	144461224
3	145023232	145888887
3	145888889	146592674
3	146593265	148139346
3	152830550	153525509
3	166891761	168229666
3	168968976	169647385
3	173085684	174114167
3	175588072	176660616
4	1562683	2776166
4	2777391	4388730
4	12459168	13219950
4	13850306	14624621
4	15162274	15695422
4	17772089	18076453
4	26911810	29125346
4	31192260	32472614
4	32472920	33554197
4	43773441	44379019
4	46839882	47345513
4	68160425	69135504
4	72552250	73349196
4	87187506	87685747
4	90005742	90717482
4	93686117	94327613
4	98464091	99208445
4	102918638	103873404
4	116486077	117200481
4	133589991	134039004
4	146477478	146973704
4	154674368	155394321
4	155742648	156060432
4	160796136	161966467
4	161966587	162919396
4	163757640	165884331
4	166211115	167068270
4	176004947	176869440
5	2689	939141
5	1432852	2500054
5	10607961	11195543
5	24623564	25556207
5	45359463	46059731
5	51731968	52309481
5	52650943	53426345
5	55728157	56278217
5	57360429	58280234
5	69012615	70160536
5	77065136	78462802
5	87273268	87705582
5	107293346	108114371
5	110925091	111174104
5	111333958	111781460
5	120844956	122040799
5	132446470	132826801
5	133778464	135055055
5	136330912	137119885
5	163407744	165040894
6	15955137	18493836
6	18493868	19616802
6	30403493	32218855
6	64360253	65164437
6	85758150	86725407
6	103708257	104322291
6	111288375	112091134
6	125092901	125828846
6	127811764	128552231
6	133623203	134695125
6	138008578	140519274
6	143021817	143991859
7	46	2963341
7	3372457	4083220
7	4083223	4672145
7	8501220	8758939
7	9892359	11124335
7	12955340	13204951
7	13541614	13790465
7	15493442	16513545
7	16513592	17332051
7	17563227	18324277
7	18324568	23770704
7	34247471	34817495
7	64235189	64566863
7	65664544	66020940
7	70771232	71524782
7	87859801	88298128
7	99012988	100303915
7	100303923	100771626
7	116171192	117051513
7	118100378	119559493
7	143207479	143569406
8	697	672514
8	4085203	4645739
8	10079207	11214857
8	15415380	16042075
8	17545042	18189800
8	18189868	18584157
8	20822545	22064758
8	34530876	34994271
8	37025249	38935811
8	40691967	43788713
8	44333422	45271641
8	69045983	70226654
8	85552542	86075106
8	126653807	127368129
8	131239941	131827119
9	546644	1270935
9	1270936	2302334
9	4008260	5239666
9	5433377	5843244
9	7162319	7855729
9	8147188	9328187
9	11303679	12912276
9	14792872	15568314
9	21262977	22114189
9	40279294	40760656
9	40760660	41326306
9	82520861	84474279
9	105810781	106801491
9	108001367	109025043
9	113433718	114824530
9	117392142	117936288
10	1208	1337432
10	11946722	12450204
10	36475258	36889141
10	41328614	41589119
10	44299418	44544424
10	44675781	45324015
10	55639091	56719558
10	59735164	60416546
10	60999836	61634119
10	82470944	82778433
10	84726128	85252677
10	87603716	87745552
10	87922262	88374408
10	92724976	93025370
10	104683615	105442209
11	37858872	38486912
11	38487562	40110569
11	43074098	43634133
11	43634141	44231186
11	45736902	46436387
11	47984152	48294512
11	55591200	57161402
11	57377700	58023346
11	60255181	60815621
11	67414218	67717828
11	81255658	82006572
11	85256774	85656398
11	89530282	89977142
12	299	1020778
12	1508293	2125638
12	2788550	4583822
12	4583823	5684647
12	10411452	10934005
12	18200274	18851116
12	18851169	22295931
12	30944138	31313408
12	34731770	36492370
12	49002668	49683808
13	1426410	1902034
13	13051871	13407947
13	22525343	22787640
13	33247096	34050668
13	34050671	34590136
13	56929021	57140579
13	89276517	89807424
13	89931929	90305074
13	91018544	91628083
13	99973102	100470750
14	1104	845235
14	845250	1092225
14	1276843	1755535
14	5396534	6383354
14	6530406	6757315
14	15343594	16466828
14	21260216	21920052
14	21920058	22312658
14	22817202	23185233
14	40488258	40832249
14	46412549	47159876
14	47704095	49324394
14	52509912	52889489
14	92594682	92975207
14	94056838	97564431
14	98541781	99051595
14	101337099	102587844
15	27	424721
15	4816868	6304483
15	17874574	18426170
15	19168712	19495959
15	21021381	23566135
15	26719354	27263791
15	27263821	28155767
15	29208483	32472189
15	33876348	38906451
15	44802597	45316501
15	49488419	50975559
15	52519745	53123033
15	64937820	65604202
15	69054479	71313956
15	106911827	108313106
16	1015	1205956
16	12061747	13000583
16	13000591	13245718
16	15104126	15468216
16	19645787	20099824
16	21677159	22557673
16	29695440	31997112
16	37655796	39905195
16	55745698	56715795
16	64792757	65152520
16	66215626	66610385
16	68520073	68855159
16	74864920	75565609
16	75565677	75836398
17	37	1436060
17	2820953	4674694
17	11566116	12224982
17	12433040	12782591
17	14266639	15751122
17	31639267	32429121
17	38259213	38759925
17	39403414	40111746
17	41254255	42011962
17	42631522	43387529
17	43794745	44984192
17	44984661	46395682
17	47449238	49392148
17	54319696	54988727
17	57401404	58331985
17	62527634	63676617
17	69385373	69951202
17	71695422	72151525
17	86792740	87077147
17	89341664	89903804
18	384420	933974
18	25155341	25739111
18	29536722	30141882
18	30548223	31057243
18	38281996	38776144
18	41719441	42552908
18	55373798	55715332
18	61587958	61859201
18	70219322	70582845
19	969	1028140
19	14838254	15507142
19	26267977	29684994
19	35946596	36750246
19	36750258	37400492
20	480	315990
20	316508	524732
20	929357	1272772
20	1592315	1725955
20	2484410	3238690
20	4276572	4545568
20	4545576	4990441
20	5173726	5671544
20	11512756	11857357
20	40731911	41327974
