1	4441	1137011
1	1276185	1989062
1	11911525	12807019
1	24765030	25611711
1	26003635	28088975
1	36509925	42540788
1	42902765	43498655
1	47894346	48504124
1	53428682	56434083
1	56863180	57502296
1	60224932	61220797
1	61377024	61835167
1	62269847	63673273
1	64752191	65872027
1	65872104	67443239
1	68519705	69733018
1	70397756	71357055
1	71357271	72414305
1	73602878	74555780
1	74947384	75207246
1	76031432	78425560
1	82661731	83363580
1	83659589	84673175
1	86666955	88065884
1	89630449	90483084
1	95145923	96938289
1	99010354	99664864
1	100122689	101198194
1	101198222	103432168
1	103432356	104140229
1	116190577	120135083
1	120135128	121119850
1	121261309	123625511
1	143972912	144366935
1	147118850	148102921
1	148103117	150022575
1	150434587	150698834
1	169686220	169927498
1	173143142	173615808
1	178795232	184380140
1	194567245	195382705
1	195537858	196479379
1	201465535	201859943
1	203062816	204076710
1	212097111	212722258
1	223511809	225333335
1	225334698	226383588
1	227647894	228181507
1	229096783	229933555
1	258091970	258857802
1	278208456	278763098
2	1890	3071388
2	3971908	6012657
2	20663870	21680540
2	27656097	28022091
2	28727345	29205675
2	49269966	49732072
2	52572272	52991156
2	76736926	77067022
2	86765689	87113187
2	88243476	89106847
2	99652832	100133480
2	121923607	122404488
2	127615779	128229475
2	128639545	130418703
2	132131942	132788311
2	132788312	133401067
2	137138818	137659407
2	146906424	147393893
2	154608256	155758784
2	155913015	157431411
2	158575462	164373908
2	165192260	165729986
2	189902314	192557745
2	193168236	193679536
2	193969479	195885975
2	196257290	198359076
2	200736928	201115269
2	201561851	202028048
2	208743239	209049686
2	209049693	209269182
2	216284762	216779619
2	222973168	223372731
2	233725893	234846655
2	248323499	248490716
2	260986296	261428114
3	61	1920286
3	5326700	6309754
3	16460938	16606845
3	16967813	17179104
3	17768959	18323331
3	18323356	18812467
3	19023476	19123665
3	19123688	19476154
3	20510433	20646857
3	20646863	20973967
3	21250515	22320540
3	30511153	31169403
3	52001070	52504386
3	64805245	65218626
3	74934759	75702422
3	76036647	76536713
3	77760791	78020726
3	78020803	78727942
3	95848448	97503848
3	103032529	104623288
3	114269365	114934199
3	133303722	134663163
3	143742147	144461224
3	145343906	145888887
3	145888889	146592674
3	146593265	148139346
3	152830550	153525509
3	166891761	168229666
3	172807838	174114167
3	175588072	176660616
4	2777391	4193889
4	13514262	14624621
4	17772089	18076453
4	26911810	29125346
4	31192260	32472614
4	46839882	47345513
4	68160425	69135504
4	72552250	73349196
4	84932279	85440212
4	87187506	87685747
4	90005742	90717482
4	93686117	94327613
4	116486077	117200481
4	122059463	122753747
4	133589991	134039004
4	146477478	146973704
4	154674368	155394321
4	156665633	157245210
4	160796136	161966467
4	162270287	162919396
4	163757640	165884331
4	166211115	167068270
4	176499863	177128285
5	2689	939141
5	939152	2500054
5	24623564	25556207
5	45359463	46059731
5	51731968	52309481
5	52650943	53426345
5	69199172	69955714
5	77065136	78462802
5	87273268	87705582
5	107293346	108114371
5	110925091	111174104
5	120844956	122040799
5	132698586	133060069
5	133778464	135055055
5	136330912	137119885
5	137832571	138430144
5	163407744	165040894
6	16282909	19616802
6	30403493	32218855
6	61968874	62805149
6	64360253	65164437
6	85758150	86725407
6	103448258	104322291
6	111288375	112091134
6	125092901	125828846
6	127811764	128552231
6	133623203	134695125
6	138008578	138291899
6	138292912	140569064
6	140590378	140728269
6	141126633	141579952
6	142433478	142872397
6	142872418	144314918
7	46	2963341
7	3372457	9892357
7	9892359	11124335
7	12955340	13425608
7	13426059	13790465
7	15493442	17332051
7	17563227	18324277
7	18324568	23770704
7	34247471	34817495
7	64235189	64566863
7	65664544	66020940
7	70771232	71524782
7	87859801	88298128
7	99012988	100303915
7	100303923	100771626
7	116171192	117051513
7	118100378	119559493
7	143207479	143569406
8	697	672514
8	4085203	4645739
8	5908833	6583695
8	15415380	16042075
8	17545042	18189800
8	18189868	18584157
8	20822545	22064758
8	34530876	34994271
8	37025249	38935811
8	40263866	40691966
8	40691967	43788713
8	44333422	45014589
8	69045983	70226654
8	85552542	86075106
8	126653807	127368129
8	131239941	131827119
9	546644	1270935
9	1270936	2302334
9	4008260	5239666
9	5433377	5843244
9	7162319	7855729
9	8147188	9328187
9	11303679	12715538
9	21262977	22114189
9	51759938	52210972
9	58682930	59186219
9	82520861	84474279
9	105810781	106801491
9	108001367	109025043
9	113433718	114824530
9	117392142	117936288
10	1208	1337432
10	11946722	13280772
10	31779466	32032899
10	34677556	35298535
10	36475258	36889141
10	44299418	44544424
10	44675781	45324015
10	55639091	56719558
10	59735164	60416546
10	60999836	61634119
10	62219406	62826707
10	82470944	82778433
10	84726128	85252677
10	87603716	87922258
10	87922262	88374408
10	92724976	93025370
10	103498073	103944706
10	104683615	105442209
11	33764506	34231621
11	38487562	40110569
11	43074098	43634133
11	43776100	44231186
11	45736902	46436387
11	47984152	48294512
11	55591200	57161402
11	57377700	58023346
11	60255181	60815621
11	67414218	67717828
11	81255658	82006572
11	83683497	84419878
11	85256774	85545799
12	299	1020778
12	1508293	2125638
12	2788550	4583822
12	4583823	5684647
12	10411452	10934005
12	11573696	11978454
12	18200274	18851116
12	19198525	22295931
12	30944138	31313408
12	34731770	36492370
12	49002668	49683808
13	13051871	13407947
13	21498819	21856969
13	33247096	34050668
13	34050671	34590136
13	56929021	57140579
13	89276517	89807424
13	89931929	90305074
13	91018544	91628083
13	110440122	110927525
14	1104	845235
14	845250	1092225
14	1276843	1755535
14	5396534	6383354
14	6530406	6757315
14	15343594	16466828
14	21260216	21920052
14	22120192	22669148
14	22817202	23185233
14	40488258	40832249
14	46412549	47159876
14	47704095	49004447
14	49324889	50133807
14	52000728	52509903
14	94056838	97564431
14	98541781	99051595
14	101337099	102587844
15	27	424721
15	4816868	6304483
15	17874574	18426170
15	19168712	19495959
15	21021381	23566135
15	27263821	28656937
15	28989934	30573116
15	30573118	31068817
15	31068847	31994166
15	31994176	32472189
15	33876348	39156249
15	39545258	40074559
15	49488419	50975559
15	70161562	71313956
15	106911827	108313106
16	1015	90369
16	90997	1205956
16	12061747	13000583
16	13000591	13245718
16	15104126	15468216
16	19645787	20099824
16	21449492	22414795
16	29695440	31997112
16	33269535	33576673
16	37655796	39905195
16	55745698	56715795
16	64792757	65152520
16	66215626	66610385
16	68520073	68855159
16	74864920	75366411
16	75366417	75565609
16	75565677	75836398
17	37	1436060
17	2820953	4674694
17	11566116	12224982
17	12433040	12782591
17	14266639	15751122
17	31816403	32429121
17	38259213	38759925
17	39712325	40111746
17	41254255	42011962
17	42829450	43387529
17	43794745	46395682
17	47449238	49392148
17	54319696	54988727
17	57401404	58118662
17	62527634	63298128
17	69385373	69951202
17	71695422	72151525
17	86792740	87077147
17	89341664	90302222
18	384420	933974
18	29536722	30141882
18	30548223	31057243
18	38281996	38776144
18	39696759	40595725
18	41719441	42552908
18	44928628	46442367
18	55607789	55854254
18	61587958	61859201
18	70219322	70582845
19	969	1028140
19	14838254	15507142
19	25775644	29684994
19	35946596	36750246
19	43780292	44124894
20	480	243744
20	316508	654660
20	654697	929356
20	929357	1514855
20	1592315	1725955
20	2484410	3456094
20	3778776	4011134
20	4276572	4545568
20	4545576	5083541
20	5173726	5671544
20	11512756	11857357
20	27158417	28020225
20	40731911	41327974
